=== LVT16 energy per clock period ===
clk_ns      PDyn_mW     PLeak_mW    EDyn_pJ     ELeak_pJ  Etotal_pJ
0.22         5.4980   4.3200e-02     1.2096   9.5040e-03     1.2191
0.231        4.2160   3.1200e-02     0.9739   7.2072e-03     0.9811
0.242        3.3170   2.1900e-02     0.8027   5.2998e-03     0.8080
0.253        2.9760   1.9900e-02     0.7529   5.0347e-03     0.7580
0.264        2.5630   1.6800e-02     0.6766   4.4352e-03     0.6811
0.275        2.4140   1.5700e-02     0.6638   4.3175e-03     0.6682
0.286        2.3100   1.5900e-02     0.6607   4.5474e-03     0.6652
0.308        2.0920   1.5000e-02     0.6443   4.6200e-03     0.6490
0.33         1.9670   1.5600e-02     0.6491   5.1480e-03     0.6543
0.385        1.6790   1.5300e-02     0.6464   5.8905e-03     0.6523
0.44         1.4770   1.5000e-02     0.6499   6.6000e-03     0.6565
0.66         0.9360   1.1900e-02     0.6178   7.8540e-03     0.6256
1.1          0.5040   1.0700e-02     0.5544   1.1770e-02     0.5662
2.2          0.2520   1.0700e-02     0.5544   2.3540e-02     0.5779
22           0.0250   1.0400e-02     0.5491   2.2880e-01     0.7779
220          0.0025   1.0400e-02     0.5467   2.2880e+00     2.8347
