=== SVT20 energy per clock period ===
clk_ns      PDyn_mW     PLeak_mW    EDyn_pJ     ELeak_pJ  Etotal_pJ
0.33         2.7960   1.0700e-03     0.9227   3.5310e-04     0.9230
0.3465       2.1760   7.7529e-04     0.7540   2.6864e-04     0.7543
0.363        1.9150   6.7507e-04     0.6951   2.4505e-04     0.6954
0.3795       1.6840   5.8267e-04     0.6391   2.2112e-04     0.6393
0.396        1.5890   5.5648e-04     0.6292   2.2037e-04     0.6295
0.4125       1.4910   5.3353e-04     0.6150   2.2008e-04     0.6153
0.429        1.4090   5.2778e-04     0.6045   2.2642e-04     0.6047
0.462        1.2950   5.2147e-04     0.5983   2.4092e-04     0.5985
0.495        1.2150   5.2295e-04     0.6014   2.5886e-04     0.6017
0.5775       1.0360   5.1791e-04     0.5983   2.9909e-04     0.5986
0.66         0.8910   5.1099e-04     0.5881   3.3725e-04     0.5884
0.99         0.5750   4.0332e-04     0.5692   3.9929e-04     0.5696
1.65         0.3170   3.6787e-04     0.5231   6.0699e-04     0.5237
3.3          0.1580   3.6064e-04     0.5214   1.1901e-03     0.5226
33           0.0158   3.6064e-04     0.5214   1.1901e-02     0.5333
330          0.0016   3.6064e-04     0.5214   1.1901e-01     0.6404
