=== LVT16 energy per clock period ===
clk_ns      PDyn_mW     PLeak_mW    EDyn_pJ     ELeak_pJ  Etotal_pJ
0.244        3.3380   2.2500e-02     0.8145   5.4900e-03     0.8200
0.2562       2.8300   1.8300e-02     0.7250   4.6885e-03     0.7297
0.2684       2.4630   1.5900e-02     0.6611   4.2676e-03     0.6653
0.2806       2.3330   1.5300e-02     0.6546   4.2932e-03     0.6589
0.2928       2.2460   1.5800e-02     0.6576   4.6262e-03     0.6623
0.305        2.1190   1.5400e-02     0.6463   4.6970e-03     0.6510
0.3172       2.0300   1.5100e-02     0.6439   4.7897e-03     0.6487
0.3416       1.9160   1.5500e-02     0.6545   5.2948e-03     0.6598
0.366        1.7740   1.5200e-02     0.6493   5.5632e-03     0.6548
0.427        1.5190   1.5000e-02     0.6486   6.4050e-03     0.6550
0.488        1.3260   1.4400e-02     0.6471   7.0272e-03     0.6541
0.732        0.7590   1.0800e-02     0.5556   7.9056e-03     0.5635
1.22         0.4540   1.0700e-02     0.5539   1.3054e-02     0.5669
2.44         0.2249   1.0400e-02     0.5488   2.5376e-02     0.5741
24.4         0.0225   1.0400e-02     0.5485   2.5376e-01     0.8023
244          0.0022   1.0400e-02     0.5485   2.5376e+00     3.0861
