=== LVT20 energy per clock period ===
clk_ns      PDyn_mW     PLeak_mW    EDyn_pJ     ELeak_pJ  Etotal_pJ
0.244        4.0550   1.3400e-02     0.9894   3.2696e-03     0.9927
0.2562       3.2420   1.0800e-02     0.8306   2.7670e-03     0.8334
0.2684       2.7490   8.6300e-03     0.7378   2.3163e-03     0.7401
0.2806       2.5510   7.7200e-03     0.7158   2.1662e-03     0.7180
0.2928       2.3770   7.2000e-03     0.6960   2.1082e-03     0.6981
0.305        2.2200   6.7500e-03     0.6771   2.0587e-03     0.6792
0.3172       2.1090   6.6000e-03     0.6690   2.0935e-03     0.6711
0.3416       1.9020   6.4200e-03     0.6497   2.1931e-03     0.6519
0.366        1.7850   6.4900e-03     0.6533   2.3753e-03     0.6557
0.427        1.5100   6.4400e-03     0.6448   2.7499e-03     0.6475
0.488        1.3030   6.3000e-03     0.6359   3.0744e-03     0.6389
0.732        0.8570   5.2600e-03     0.6273   3.8503e-03     0.6312
1.22         0.4630   4.7400e-03     0.5649   5.7828e-03     0.5706
2.44         0.2289   4.6600e-03     0.5585   1.1370e-02     0.5699
24.4         0.0229   4.6600e-03     0.5583   1.1370e-01     0.6720
244          0.0023   4.6600e-03     0.5583   1.1370e+00     1.6953
